# Velocity centerlines export
# nx 100 ny 100 mid_i 50 mid_j 50
# dims a b theta 1 1 1.0471976
# U_CENTER xi eta u_xi u_eta
0.5 0 0 0
0.5 0.0099999998 0.0023318445 -4.8319529e-05
0.5 0.02 0.0046147178 -0.00017600811
0.5 0.029999999 0.0068366709 -0.00036760402
0.49999997 0.039999999 0.0089888852 -0.00060920406
0.49999997 0.049999997 0.01106491 -0.00088837929
0.49999997 0.059999999 0.013060176 -0.0011939345
0.49999997 0.07 0.014971511 -0.0015157794
0.5 0.079999998 0.016796796 -0.0018447522
0.5 0.089999996 0.0185345 -0.0021724969
0.5 0.099999994 0.020183347 -0.002491161
0.5 0.11 0.021742173 -0.0027934487
0.5 0.12 0.023209665 -0.0030725282
0.5 0.13 0.024584353 -0.0033219534
0.5 0.14 0.025864428 -0.0035356015
0.5 0.14999999 0.027047561 -0.0037076585
0.5 0.16 0.028131032 -0.0038326534
0.49999997 0.17 0.029111594 -0.0039054714
0.49999997 0.17999999 0.029985489 -0.0039212932
0.49999997 0.19 0.030748526 -0.0038757098
0.49999997 0.19999999 0.031396266 -0.0037647285
0.5 0.20999999 0.031923924 -0.0035849221
0.5 0.22 0.032326471 -0.0033331444
0.5 0.22999999 0.032598749 -0.0030072448
0.5 0.23999999 0.032735944 -0.0026053144
0.5 0.25 0.032733146 -0.0021264933
0.5 0.25999999 0.032585952 -0.0015705122
0.5 0.26999998 0.032290727 -0.00093782827
0.5 0.28 0.031843767 -0.0002297858
0.5 0.28999996 0.031242481 0.00055138377
0.5 0.29999998 0.030485189 0.0014028306
0.49999997 0.31 0.029570667 0.0023207639
0.49999997 0.31999999 0.028498845 0.0033008016
0.49999997 0.32999998 0.027270712 0.0043378891
0.49999994 0.34 0.025887938 0.0054262197
0.49999994 0.34999999 0.024352618 0.0065597701
0.49999994 0.35999998 0.022667576 0.0077323848
0.5 0.37 0.020836039 0.0089377454
0.5 0.38 0.01886088 0.010169695
0.5 0.38999996 0.016744658 0.011422561
0.5 0.39999998 0.014488578 0.012691963
0.5 0.41 0.012091838 0.013974644
0.5 0.41999999 0.0095514227 0.015269048
0.5 0.42999998 0.0068612592 0.016575871
0.49999997 0.44 0.0040104855 0.017898988
0.49999997 0.44999999 0.00098237768 0.019245548
0.49999997 0.45999998 -0.0022464003 0.020627759
0.5 0.47 -0.0057078926 0.022062717
0.5 0.47999999 -0.0094438829 0.02357462
0.5 0.48999995 -0.0135069 0.025194386
0.5 0.5 -0.017961953 0.026961803
0.5 0.50999999 -0.022886634 0.028925965
0.5 0.51999998 -0.028371491 0.031146502
0.5 0.52999997 -0.034519464 0.033693556
0.5 0.53999996 -0.041444063 0.036648054
0.49999997 0.55000001 -0.0492649 0.040101666
0.49999997 0.56 -0.058100592 0.044154309
0.49999997 0.56999999 -0.068062387 0.048911199
0.5 0.57999992 -0.079243168 0.054478377
0.49999997 0.58999997 -0.091706067 0.060956873
0.49999997 0.59999996 -0.10546969 0.068434842
0.49999994 0.61000001 -0.12049057 0.076978527
0.49999994 0.62 -0.13664885 0.086621277
0.49999994 0.63 -0.15373902 0.097354762
0.49999994 0.63999999 -0.17146568 0.10911947
0.49999994 0.64999998 -0.18944247 0.12179812
0.49999994 0.65999997 -0.20720074 0.13521282
0.49999994 0.66999996 -0.22420731 0.14912687
0.49999997 0.68000001 -0.23988935 0.1632514
0.49999997 0.69 -0.25366589 0.17725676
0.49999997 0.69999999 -0.26497954 0.19078927
0.49999997 0.70999998 -0.27332652 0.20348902
0.49999997 0.71999997 -0.27828461 0.21500853
0.5 0.7299999 -0.27953255 0.22502974
0.5 0.74000001 -0.27686203 0.23328117
0.5 0.75 -0.2701838 0.23954785
0.5 0.75999999 -0.25952768 0.2436807
0.5 0.76999998 -0.24502519 0.24559523
0.5 0.77999991 -0.22689536 0.24527328
0.5 0.78999996 -0.20542759 0.24275112
0.5 0.79999995 -0.18096207 0.23811628
0.49999997 0.81 -0.15387577 0.23149461
0.49999997 0.81999999 -0.12456815 0.22304304
0.5 0.82999992 -0.093448266 0.2129371
0.49999997 0.83999997 -0.060919393 0.20136581
0.49999997 0.84999996 -0.027365878 0.18852383
0.49999997 0.85999995 0.0068707243 0.17461012
0.49999994 0.87 0.041539855 0.1598236
0.49999994 0.88 0.07657937 0.14435999
0.49999994 0.88999999 0.11227249 0.12841034
0.49999994 0.89999998 0.1494845 0.11215892
0.49999994 0.90999997 0.18998292 0.095785543
0.49999994 0.91999996 0.23674989 0.079477981
0.49999997 0.93000001 0.29409853 0.063449487
0.49999997 0.94 0.36732146 0.047981277
0.49999997 0.94999999 0.46156424 0.033464361
0.49999997 0.95999998 0.57964909 0.020462792
0.49999997 0.96999997 0.7188372 0.0097842989
0.5 0.9799999 0.86706769 0.0025493938
0.49999997 0.98999995 1 0
# V_CENTER xi eta u_xi u_eta
-1.4901161e-08 0.5 0 0
0.0099999905 0.5 0.00012154947 -0.0026728385
0.019999981 0.5 0.00050357194 -0.005733679
0.029999971 0.5 0.0011582589 -0.0091496343
0.039999992 0.5 0.0020911805 -0.012875924
0.049999982 0.5 0.0033000177 -0.016855361
0.059999973 0.5 0.004773621 -0.021018686
0.069999993 0.5 0.0064912844 -0.02528562
0.079999983 0.5 0.0084227296 -0.029567113
0.089999974 0.5 0.010528321 -0.033768132
0.099999964 0.5 0.012760423 -0.037791159
0.10999998 0.5 0.01506507 -0.041540727
0.11999997 0.5 0.017384155 -0.044927392
0.13 0.5 0.019657882 -0.047871623
0.13999999 0.5 0.021827528 -0.050307311
0.14999998 0.5 0.023838038 -0.052184526
0.15999997 0.5 0.025640219 -0.053470932
0.16999999 0.5 0.027192583 -0.054151349
0.17999998 0.5 0.028462524 -0.054228026
0.19 0.5 0.029426724 -0.053717881
0.19999999 0.5 0.030071614 -0.052651517
0.20999998 0.5 0.030392943 -0.051070895
0.21999997 0.5 0.030394958 -0.049026564
0.22999996 0.5 0.030089172 -0.046575032
0.23999998 0.5 0.029493103 -0.043775391
0.25 0.5 0.02862878 -0.040687654
0.25999999 0.5 0.027521869 -0.037370797
0.26999998 0.5 0.026200043 -0.0338821
0.27999997 0.5 0.02469169 -0.030274514
0.28999996 0.5 0.023025684 -0.026596704
0.29999995 0.5 0.021229606 -0.022892548
0.31 0.5 0.019330129 -0.019200597
0.31999999 0.5 0.017351557 -0.015554512
0.32999998 0.5 0.015315935 -0.01198279
0.33999997 0.5 0.01324375 -0.0085092532
0.34999996 0.5 0.011151885 -0.0051534716
0.35999995 0.5 0.0090555558 -0.0019312009
0.37 0.5 0.0069669168 0.0011454071
0.38 0.5 0.0048959143 0.0040676952
0.38999999 0.5 0.0028498608 0.0068299104
0.39999998 0.5 0.00083375676 0.0094289342
0.40999997 0.5 -0.00114987 0.011864013
0.41999996 0.5 -0.0031003202 0.014136115
0.42999995 0.5 -0.0050185085 0.016247606
0.44 0.5 -0.0069071245 0.018202413
0.44999999 0.5 -0.008770789 0.020004995
0.45999998 0.5 -0.010615044 0.021661108
0.46999997 0.5 -0.012447201 0.023177367
0.47999996 0.5 -0.014275649 0.024560869
0.48999995 0.5 -0.016110387 0.025819622
0.5 0.5 -0.017961953 0.026961803
0.50999999 0.5 -0.019841965 0.027995691
0.51999998 0.5 -0.021762438 0.028929245
0.52999997 0.5 -0.023735929 0.029770637
0.53999996 0.5 -0.025774861 0.030527234
0.55000001 0.5 -0.027891137 0.03120538
0.56 0.5 -0.030096296 0.03181145
0.56999999 0.5 -0.032400548 0.032350652
0.57999998 0.5 -0.034812808 0.032826733
0.58999997 0.5 -0.037339643 0.033241622
0.59999996 0.5 -0.039984424 0.033594675
0.61000001 0.5 -0.042747125 0.033883069
0.62 0.5 -0.045623355 0.034101266
0.63 0.5 -0.048603989 0.034240533
0.63999999 0.5 -0.051674224 0.03428911
0.64999998 0.5 -0.054813653 0.034232896
0.65999997 0.5 -0.057995901 0.034056101
0.66999996 0.5 -0.061188221 0.033741061
0.68000001 0.5 -0.064352788 0.033269823
0.69 0.5 -0.06744571 0.032625739
0.69999999 0.5 -0.070418537 0.031793796
0.70999998 0.5 -0.073217966 0.030760312
0.71999997 0.5 -0.075786501 0.029513193
0.72999996 0.5 -0.078063063 0.028044352
0.74000001 0.5 -0.079984687 0.026351137
0.75 0.5 -0.081488386 0.024436701
0.75999999 0.5 -0.082512639 0.02231087
0.76999998 0.5 -0.082998544 0.019991318
0.77999997 0.5 -0.082892016 0.01750607
0.78999996 0.5 -0.082146816 0.014894376
0.79999995 0.5 -0.080725841 0.012205096
0.80999994 0.5 -0.078603096 0.0094959931
0.81999993 0.5 -0.075765796 0.006835069
0.82999992 0.5 -0.072217673 0.0043014945
0.83999991 0.5 -0.067983061 0.0019824645
0.8499999 0.5 -0.06310989 -2.8665254e-05
0.8599999 0.5 -0.057672709 -0.0016370651
0.87 0.5 -0.051771082 -0.0027554082
0.88 0.5 -0.045530658 -0.0033103374
0.88999999 0.5 -0.039099801 -0.0032535396
0.89999998 0.5 -0.032644875 -0.0025707555
0.90999997 0.5 -0.026344933 -0.0012906934
0.91999996 0.5 -0.020388281 0.00050041324
0.92999995 0.5 -0.014958172 0.0026436422
0.93999994 0.5 -0.010220959 0.0048872745
0.94999993 0.5 -0.0063155731 0.006873379
0.95999992 0.5 -0.00334014 0.008116561
0.96999991 0.5 -0.0013350197 0.0079729604
0.9799999 0.5 -0.00026658038 0.005616182
0.98999989 0.5 0 0
